M =

  -0.642777679224007   0.316755371768381  -0.253984571204965  83.139646376366443
   0.158771887454431   0.183395601402561  -0.627224625240108  48.465928494817007
  -0.002796222501437  -0.001757883663208  -0.002897949484508   1.000000000000000
   
P_cam_origin =

   131.0813957486520
   120.2907553493345
   145.6236902265848


T_CtoL3 =

  -0.2067262659881  -0.1259735299686   0.9702550802227  -13.4027918953717
   0.6968225094874  -0.7150834271410   0.0556244775255  -14.9523189507702
   0.6868061161800   0.6875946203800   0.2356077180445  -110.9046610928553
            0                   0                   0   1.0000000000000
